/*
 * File: FG_traj_fast_data.cpp
 *
 * Code generated for Simulink model 'FG_traj_fast'.
 *
 * Model version                  : 1.362
 * Simulink Coder version         : 8.4 (R2013a) 13-Feb-2013
 * TLC version                    : 8.4 (Jan 18 2013)
 * C/C++ source code generated on : Thu May  2 14:33:59 2013
 *
 * Target selection: ert.tlc
 * Embedded hardware selection: Intel Pentium
 * Code generation objectives: Unspecified
 * Validation result: Not run
 */

#include "FG_traj_fast.h"
#include "FG_traj_fast_private.h"

/* Block parameters (auto storage) */
Parameters_FG_traj_fast FG_traj_fast_P = {
  0.0,
  0.0,
  0.0,
  0.0,
  0.0,
  -9.8065,
  0.0,
  0.0,
  9.8065,
  57.295779513082323,
  57.295779513082323,
  57.295779513082323,
  57.295779513082323,
  9.8065,
  57.295779513082323,
  57.295779513082323,
  57.295779513082323,
  57.295779513082323,
  0.0,
  0.0,
  1.0,
  0.0,
  0.0,
  1.4246892499768391,
  -1.0,
  0.0,
  1.3810166157463069,
  -1.0,
  9.8065,
  0.87657545952179061,
  -0.0835,
  -1.0,
  2.0179209026314089,
  0.0,
  -1.0,
  1U,
  1U,
  0U,

  /* Start of '<S7>/MAIN CONTROL LOOP1' */
  {
    0.0,
    0.0,
    0.0,
    0.0,
    9.8065,

    { 253.18373659463896, 129.49205155632492, 125.77655259607496,
      122.04344743218546, 118.2980961504619, 114.5451677475384,
      110.78876835569886, 107.032546403419, 103.27977902075325,
      99.53344323016708, 95.796274839974416, 92.070817453634533,
      88.359463603143212, 84.664489692026265, 80.98808617978041,
      77.3323842446186, 73.699480017068453, 70.091457377435091,
      66.510410251291262, 62.958465316588544, 59.437806052850306,
      55.950699117901252, 52.499524132962577, 49.086808096605338,
      45.715265837729575, 42.387848165195663, 39.107799687116753,
      35.878728669051981, 32.704691793652572, 29.590297294925215,
      129.49205155632492, 246.7388158471008, 123.14681430137178,
      119.53101350221533, 115.89762445293087, 112.25201126000084,
      108.59884784116448, 104.94224635188894, 101.28586259272123,
      97.6329827167575, 93.98659479020921, 90.349448138375948,
      86.724102908822644, 83.11297188269242, 79.518356247441531,
      75.942476796842158, 72.387501836723615, 68.855572939935257,
      65.348829605881946, 61.86943383509697, 58.419595625834994,
      55.001600437449653, 51.617839745911738, 48.270845943530176,
      44.963333012948382, 41.698244642098707, 38.47881175170351,
      35.308621792605152, 32.191702652495522, 29.132624610259164,
      125.77655259607496, 123.14681430137178, 240.49172028164719,
      116.99787486704868, 113.48024787484755, 109.94505426683244,
      106.39766299447626, 102.84275390554106, 99.284446413541488,
      95.726405202507038, 92.171927298466443, 88.624014075549781,
      85.0854311472749, 81.558758597160775, 78.046433606948284,
      74.550787229189368, 71.074076811020291, 67.618515397736388,
      64.186299321026979, 60.779635102343036, 57.400766773807128,
      54.05200473618364, 50.735757336411879, 47.454566458642262,
      44.21114858717624, 41.0084430239303, 37.849669236212833,
      34.738395684732012, 31.678622952173757, 28.674884578678022,
      122.04344743218546, 119.53101350221533, 116.99787486704868,
      234.43939472158058, 111.04218057933579, 107.62120615387798,
      104.18269117586038, 100.73201043360449, 97.273850918879376,
      93.812340789102421, 90.351155430397085, 86.893604967612916,
      83.442706807173209, 80.001246185310436, 76.571827202752317,
      73.156916437086579, 69.758880919892434, 66.380022034813038,
      63.022606725597335, 59.688897292911427, 56.381181000892049,
      53.101800706618839, 49.853187767597426, 46.637898575690905,
      43.458656214536788, 40.318398947429529, 37.2203375225381, 34.1680236436331,
      31.16543241202195, 28.217062117884463, 118.2980961504619,
      115.89762445293087, 113.48024787484755, 111.04218057933579,
      228.57878889384227, 105.27668416597596, 101.95084480202561,
      98.607496276302044, 95.252020407072735, 91.889112790404567,
      88.522912114939544, 85.157106656486476, 81.795022316217,
      78.439695809973244, 75.093936007738364, 71.760375936753491,
      68.4415175791935, 65.139771300058754, 61.857491520904681,
      58.59701010119808, 55.360668795155149, 52.150852114033043,
      48.970021940460448, 45.820755313185387, 42.705786930531744,
      39.628058114212394, 36.5907742398705, 33.59747298765852,
      30.652106209533088, 27.759138767910617, 114.5451677475384,
      112.25201126000084, 109.94505426683244, 107.62120615387798,
      105.27668416597596, 222.90685840243555, 99.698344827434354,
      96.46612749770722, 93.216438803424836, 89.954669027516772,
      86.685524126367511, 83.413155469122927, 80.141266851886286,
      76.873203171883318, 73.612024395164156, 70.360567848788634,
      67.121501390018267, 63.897369631208363, 60.690635114540626,
      57.5037161237973, 54.33902268257556, 51.198992214027641,
      48.086126323341958, 45.003030210187347, 41.952456326108759,
      38.93735406580754, 35.960927528486437, 33.026703716124416,
      30.138613963216052, 27.301091934690938, 110.78876835569886,
      108.59884784116448, 106.39766299447626, 104.18269117586038,
      101.95084480202561, 99.698344827434354, 217.42056589178753,
      94.304129516472216, 91.164026559966175, 88.00649773742883,
      84.836943521154311, 81.660082338793, 78.48008082368861, 75.300661454549271,
      72.125191995162552, 68.956760399091991, 65.798238248696052,
      62.652335327986393, 59.521647565536625, 56.408700311980084,
      53.315988725462013, 50.246016919905635, 47.201337480255823,
      44.184592963901338, 41.198561088863812, 38.246205460412696,
      35.330733914711374, 32.455666870220071, 29.62491848766479,
      26.842893964233781, 107.032546403419, 104.94224635188894,
      102.84275390554106, 100.73201043360449, 98.607496276302044,
      96.46612749770722, 94.304129516472216, 212.11688243623996,
      89.091014465985907, 86.041524649457116, 82.974663720168024,
      79.895844412371758, 76.809800161735382, 73.720715970654709,
      70.632336800627115, 67.548057933235327, 64.471001002430086,
      61.40407881365762, 58.350051605900745, 55.311577062061858,
      52.291256116944325, 49.291676439888576, 46.315455373834311,
      43.365284090306638, 40.443974769647966, 37.554512739782453,
      34.700115709983109, 31.884302526841335, 29.110974269826016,
      26.384511009454254, 103.27977902075325, 101.28586259272123,
      99.284446413541488, 97.273850918879376, 95.252020407072735,
      93.216438803424836, 91.164026559966175, 89.091014465985907,
      206.99278919851466, 84.055987012021347, 81.0956167975295,
      78.11794134112111, 75.128388128781381, 72.131708651550227,
      69.1321100106851, 66.133364215570623, 63.138899653033207,
      60.151878476164939, 57.175263083788352, 54.211874414666617,
      51.26444444515829, 48.335665041493556, 45.428235168472867,
      42.544908389040991, 39.688542601108551, 36.862154049667872,
      34.068977827437052, 31.312537343144321, 28.596725604028119,
      25.92590164323509, 99.53344323016708, 97.6329827167575, 95.726405202507038,
      93.812340789102421, 91.889112790404567, 89.954669027516772,
      88.00649773742883, 86.041524649457116, 84.055987012021347,
      202.04527940780076, 79.196047767377678, 76.3233128248483,
      73.433351861615563, 70.531610105203271, 67.622860761395771,
      64.711337509197733, 61.8008448878099, 58.894851098905875,
      55.996567026933583, 53.109014715426639, 50.235088105252984,
      47.377608523649343, 44.539377197794366, 41.72322694474947,
      38.932075155846157, 36.168980246641169, 33.437203885567868,
      30.740281551203502, 28.082104309350981, 25.467015160883363,
      95.796274839974416, 93.98659479020921, 92.171927298466443,
      90.351155430397085, 88.522912114939544, 86.685524126367511,
      84.836943521154311, 82.974663720168024, 81.0956167975295,
      79.196047767377678, 197.27136071723874, 74.5082132111462, 71.7216402219511,
      68.91793645857112, 66.10256847892515, 63.280335596120679,
      60.455503443203241, 57.631915669500977, 54.813088345502074,
      52.002290944658704, 49.202617220477556, 46.417048883200977,
      43.648514685333723, 40.899947337140645, 38.174340584319879,
      35.474808786702027, 32.804651439308671, 30.167425279625519,
      27.567026935802303, 25.007789502423531, 92.070817453634533,
      90.349448138375948, 88.624014075549781, 86.893604967612916,
      85.157106656486476, 83.413155469122927, 81.660082338793,
      79.895844412371758, 78.11794134112111, 76.3233128248483, 74.5082132111462,
      192.66805801121569, 69.989518771089536, 67.287647576877418,
      64.5687600832588, 61.838348484703829, 59.10124347216005,
      56.361749083559765, 53.623755973866892, 50.8908377460867,
      48.166334290557707, 45.453425547488337, 42.755198715277842,
      40.074711658591191, 37.415055114436726, 34.779416245241372,
      32.171146143113589, 29.593834051390726, 27.051391344818896,
      24.548148709589359, 88.359463603143212, 86.724102908822644,
      85.0854311472749, 83.442706807173209, 81.795022316217, 80.141266851886286,
      78.48008082368861, 76.809800161735382, 75.128388128781381,
      73.433351861615563, 71.7216402219511, 69.989518771089536,
      188.23241674524314, 65.637022489163229, 63.018408649740223,
      60.382916047007406, 57.736067676553347, 55.08273192833412,
      52.427258981958715, 49.773595967465937, 47.125385610491726,
      44.486052403972963, 41.85887983741268, 39.247081848301086,
      36.653871423530163, 34.082529161855945, 31.536474606866463,
      29.019343273439457, 26.535072523973561, 24.087999813310887,
      84.664489692026265, 83.11297188269242, 81.558758597160775,
      80.001246185310436, 78.439695809973244, 76.873203171883318,
      75.300661454549271, 73.720715970654709, 72.131708651550227,
      70.531610105203271, 68.91793645857112, 67.287647576877418,
      65.637022489163229, 183.96150691547166, 61.447809375927982,
      58.911027211058268, 56.3575314646549, 53.792882124656551,
      51.221992857781828, 48.649269260103452, 46.078726288604521,
      43.514089685664828, 40.958885552510282, 38.416521742042377,
      35.890364406251066, 33.383812834865111, 30.900375651875038,
      28.443751492204626, 26.017917464388312, 23.627229024156097,
      80.98808617978041, 79.518356247441531, 78.046433606948284,
      76.571827202752317, 75.093936007738364, 73.612024395164156,
      72.125191995162552, 70.632336800627115, 69.1321100106851,
      67.622860761395771, 66.10256847892515, 64.5687600832588,
      63.018408649740223, 61.447809375927982, 179.85242777131157,
      57.418996577296213, 54.962642780027451, 52.489773708034285,
      50.005993759934796, 47.516270958869484, 45.02507743041788,
      42.5365095603091, 40.054392755583123, 37.582375101961048,
      35.124013755187057, 32.682857606367108, 30.26252960865078,
      27.86681213872534, 25.499738890947583, 23.165697069624557,
      77.3323842446186, 75.942476796842158, 74.550787229189368,
      73.156916437086579, 71.760375936753491, 70.360567848788634,
      68.956760399091991, 67.548057933235327, 66.133364215570623,
      64.711337509197733, 63.280335596120679, 61.838348484703829,
      60.382916047007406, 58.911027211058268, 57.418996577296213,
      175.90231340335458, 53.547739497163491, 51.170437420822665,
      48.776858046026675, 46.37265906602255, 43.962873733876748,
      41.552054013293784, 39.144394007823337, 36.743838726167539,
      34.354182640423176, 31.979162075842645, 29.62254521793357,
      27.288223425084176, 24.980307588396933, 22.703233487230982,
      73.699480017068453, 72.387501836723615, 71.074076811020291,
      69.758880919892434, 68.4415175791935, 67.121501390018267,
      65.798238248696052, 64.471001002430086, 63.138899653033207,
      61.8008448878099, 60.455503443203241, 59.10124347216005,
      57.736067676553347, 56.3575314646549, 54.962642780027451,
      53.547739497163491, 172.10833935995777, 49.831239042081336,
      47.531643779534591, 45.216056674704774, 42.890199348560813,
      40.559183298462315, 38.227656255164945, 35.899929536237565,
      33.580091614404019, 31.272112554456022, 28.979943598209402,
      26.707615978158181, 24.4593430088765, 22.239629639528715,
      70.091457377435091, 68.855572939935257, 67.618515397736388,
      66.380022034813038, 65.139771300058754, 63.897369631208363,
      62.652335327986393, 61.40407881365762, 60.151878476164939,
      58.894851098905875, 57.631915669500977, 56.361749083559765,
      55.08273192833412, 53.792882124656551, 52.489773708034285,
      51.170437420822665, 49.831239042081336, 168.46773046948169,
      46.266750179187255, 44.043554571331519, 41.804709370608805,
      39.556012844519557, 37.302670301895219, 35.04944429398067,
      32.800786672807021, 30.560957918160646, 28.334138622764335,
      26.12453770395657, 23.936501776017813, 21.774630164852159,
      66.510410251291262, 65.348829605881946, 64.186299321026979,
      63.022606725597335, 61.857491520904681, 60.690635114540626,
      59.521647565536625, 58.350051605900745, 57.175263083788352,
      55.996567026933583, 54.813088345502074, 53.623755973866892,
      52.427258981958715, 51.221992857781828, 50.005993759934796,
      48.776858046026675, 47.531643779534591, 46.266750179187255,
      164.977770071117, 42.851592025850152, 40.70353375648267,
      38.540236031668861, 36.367588968914674, 34.190910296805335,
      32.015100162669349, 29.844778829173897, 27.684412902192523,
      25.53843526233679, 23.41136361454063, 21.307922513458777,
      62.958465316588544, 61.86943383509697, 60.779635102343036,
      59.688897292911427, 58.59701010119808, 57.5037161237973,
      56.408700311980084, 55.311577062061858, 54.211874414666617,
      53.109014715426639, 52.002290944658704, 50.8908377460867,
      49.773595967465937, 48.649269260103452, 47.516270958869484,
      46.37265906602255, 45.216056674704774, 44.043554571331519,
      42.851592025850152, 161.63581088505575, 39.583159718282545,
      37.509029674127959, 35.420151402579975, 33.322525031343758,
      31.22160293591547, 29.1224500646217, 27.029888388202728,
      24.948631392995495, 22.883414128792253, 20.839124140296832,
      59.437806052850306, 58.419595625834994, 57.400766773807128,
      56.381181000892049, 55.360668795155149, 54.33902268257556,
      53.315988725462013, 52.291256116944325, 51.26444444515829,
      50.235088105252984, 49.202617220477556, 48.166334290557707,
      47.125385610491726, 46.078726288604521, 45.02507743041788,
      43.962873733876748, 42.890199348560813, 41.804709370608805,
      40.70353375648267, 39.583159718282545, 158.43928778156987,
      36.458938335516279, 34.457590432561972, 32.44208231254548,
      30.418545787698719, 28.392594408707723, 26.369490394166654,
      24.354297163630022, 22.352023724552026, 20.367766829601969,
      55.950699117901252, 55.001600437449653, 54.05200473618364,
      53.101800706618839, 52.150852114033043, 51.198992214027641,
      50.246016919905635, 49.291676439888576, 48.335665041493556,
      47.377608523649343, 46.417048883200977, 45.453425547488337,
      44.486052403972963, 43.514089685664828, 42.5365095603091,
      41.552054013293784, 40.559183298462315, 39.556012844519557,
      38.540236031668861, 37.509029674127959, 36.458938335516279,
      155.38573273674956, 33.476519182557176, 31.546881881669705,
      29.603787779898035, 27.653526219064279, 25.701903558092749,
      23.754418003093985, 21.816421810387865, 19.893277508997507,
      52.499524132962577, 51.617839745911738, 50.735757336411879,
      49.853187767597426, 48.970021940460448, 48.086126323341958,
      47.201337480255823, 46.315455373834311, 45.428235168472867,
      44.539377197794366, 43.648514685333723, 42.755198715277842,
      41.85887983741268, 40.958885552510282, 40.054392755583123,
      39.144394007823337, 38.227656255164945, 37.302670301895219,
      36.367588968914674, 35.420151402579975, 34.457590432561972,
      33.476519182557176, 152.47279228754252, 30.633618758807412,
      28.774708512708884, 26.903182354824615, 25.02551794353699,
      23.147752127700379, 21.275665221423523, 19.414954766925085,
      49.086808096605338, 48.270845943530176, 47.454566458642262,
      46.637898575690905, 45.820755313185387, 45.003030210187347,
      44.184592963901338, 43.365284090306638, 42.544908389040991,
      41.72322694474947, 40.899947337140645, 40.074711658591191,
      39.247081848301086, 38.416521742042377, 37.582375101961048,
      36.743838726167539, 35.899929536237565, 35.04944429398067,
      34.190910296805335, 33.322525031343758, 32.44208231254548,
      31.546881881669705, 30.633618758807412, 149.69824781597367,
      27.928100749514787, 26.139037636082424, 24.338363069848064,
      22.532779657122575, 20.728599571629339, 18.931940111169396,
      45.715265837729575, 44.963333012948382, 44.21114858717624,
      43.458656214536788, 42.705786930531744, 41.952456326108759,
      41.198561088863812, 40.443974769647966, 39.688542601108551,
      38.932075155846157, 38.174340584319879, 37.415055114436726,
      36.653871423530163, 35.890364406251066, 35.124013755187057,
      34.354182640423176, 33.580091614404019, 32.800786672807021,
      32.015100162669349, 31.22160293591547, 30.418545787698719,
      29.603787779898035, 28.774708512708884, 27.928100749514787,
      147.06003899516938, 25.358001370552994, 23.638027168529387,
      21.907640334834909, 20.173811950983904, 18.443182790748395,
      42.387848165195663, 41.698244642098707, 41.0084430239303,
      40.318398947429529, 39.628058114212394, 38.93735406580754,
      38.246205460412696, 37.554512739782453, 36.862154049667872,
      36.168980246641169, 35.474808786702027, 34.779416245241372,
      34.082529161855945, 33.383812834865111, 32.682857606367108,
      31.979162075842645, 31.272112554456022, 30.560957918160646,
      29.844778829173897, 29.1224500646217, 28.392594408707723,
      27.653526219064279, 26.903182354824615, 26.139037636082424,
      25.358001370552994, 144.55629070744814, 22.921558357116556,
      21.270057301086872, 19.609573029196234, 17.94739673968904,
      39.107799687116753, 38.47881175170351, 37.849669236212833,
      37.2203375225381, 36.5907742398705, 35.960927528486437, 35.330733914711374,
      34.700115709983109, 34.068977827437052, 33.437203885567868,
      32.804651439308671, 32.171146143113589, 31.536474606866463,
      30.900375651875038, 30.26252960865078, 29.62254521793357,
      28.979943598209402, 28.334138622764335, 27.684412902192523,
      27.029888388202728, 26.369490394166654, 25.701903558092749,
      25.02551794353699, 24.338363069848064, 23.638027168529387,
      22.921558357116556, 142.18534368100961, 20.617243794885013,
      19.03376619359458, 17.443007878389842, 35.878728669051981,
      35.308621792605152, 34.738395684732012, 34.1680236436331,
      33.59747298765852, 33.026703716124416, 32.455666870220071,
      31.884302526841335, 31.312537343144321, 30.740281551203502,
      30.167425279625519, 29.593834051390726, 29.019343273439457,
      28.443751492204626, 27.86681213872534, 27.288223425084176,
      26.707615978158181, 26.12453770395657, 25.53843526233679,
      24.948631392995495, 24.354297163630022, 23.754418003093985,
      23.147752127700379, 22.532779657122575, 21.907640334834909,
      21.270057301086872, 20.617243794885013, 139.94578896194514,
      18.443800817492125, 16.928089613158352, 32.704691793652572,
      32.191702652495522, 31.678622952173757, 31.16543241202195,
      30.652106209533088, 30.138613963216052, 29.62491848766479,
      29.110974269826016, 28.596725604028119, 28.082104309350981,
      27.567026935802303, 27.051391344818896, 26.535072523973561,
      26.017917464388312, 25.499738890947583, 24.980307588396933,
      24.4593430088765, 23.936501776017813, 23.41136361454063,
      22.883414128792253, 22.352023724552026, 21.816421810387865,
      21.275665221423523, 20.728599571629339, 20.173811950983904,
      19.609573029196234, 19.03376619359458, 18.443800817492125,
      137.83650610506021, 16.400283890912391, 29.590297294925215,
      29.132624610259164, 28.674884578678022, 28.217062117884463,
      27.759138767910617, 27.301091934690938, 26.842893964233781,
      26.384511009454254, 25.92590164323509, 25.467015160883363,
      25.007789502423531, 24.548148709589359, 24.087999813310887,
      23.627229024156097, 23.165697069624557, 22.703233487230982,
      22.239629639528715, 21.774630164852159, 21.307922513458777,
      20.839124140296832, 20.367766829601969, 19.893277508997507,
      19.414954766925085, 18.931940111169396, 18.443182790748395,
      17.94739673968904, 17.443007878389842, 16.928089613158352,
      16.400283890912391, 135.85670457413366 },

    { -691.6953836210721, -758.05321517153175, 666.13713703092776,
      -666.3085351606228, -735.7627775815032, 647.555349476644,
      -641.31434470473164, -713.52333772889233, 628.87181629525173,
      -616.71287003334965, -691.34283099206527, 610.115009007266,
      -592.50418186620936, -669.22921231771647, 591.309616050617,
      -568.688366760682, -647.19046060318215, 572.47724220647274,
      -545.26553065860412, -625.23458406017085, 553.63698166723145,
      -522.23580322741736, -603.36962677969746, 534.80588822906861,
      -499.59934317350155, -581.60367676723081, 515.99936187594392,
      -477.35634474542559, -559.94487577730649, 497.23146759597097,
      -455.50704569359789, -538.40143135059543, 478.51519949416962,
      -434.05173701247423, -516.98163154666474, 459.86270102404768,
      -412.99077486452722, -495.69386297613244, 441.28545036235886,
      -392.32459517458096, -474.54663287110969, 422.79441852306724,
      -372.05373149253711, -453.54859609830515, 404.40020668949461,
      -352.17883685644659, -432.70858822169646, 386.11316839205784,
      -332.70071055180222, -412.03566596956358, 367.94352153802743,
      -313.62033086355683, -391.53915676408985, 349.90145488390755,
      -294.938895162935, -371.22871934308279, 331.99723331331603,
      -276.65786897165896, -351.11441795789074, 314.241306234297,
      -258.77904601407619, -331.20681318789303, 296.64442353781976,
      -241.30462171792186, -311.51707309283591, 279.21776386905367,
      -224.23728317552744, -292.05710925766147, 261.97308046754011,
      -207.58031925178426, -272.83974330448552, 244.92287055230102,
      -191.3377553507116, -253.878910694824, 228.08057519271131,
      -175.51451836291034, -235.18991017319382, 211.46081785516992,
      -160.11663855288936, -216.7897090734437, 195.07969140040461,
      -145.15149665892628, -198.69731699823711, 178.95510529159077,
      -130.62812633077954, -180.93424318380971, 163.10720724069944,
      -116.55758429812664, -163.52505629126273, 147.55889657071683 },

    { 0.0, 0.0, 0.0, -0.012574624969060099, -0.55661293795743227,
      3.6594544284747972, -0.083280588758088192, -1.5317453922198303,
      2.9898740927706067, -0.21284778581842489, -2.3284552075772269,
      2.4428086933020339, -0.39050621611206138, -2.9793888598336755,
      1.9958413387709906, -0.6074564958176768, -3.5112194102704675,
      1.6306568174860621, -0.85650928831858975, -3.9457394775575536,
      1.3322911018824624, -1.1317907094841042, -4.3007542256198947,
      1.0885181732423952, -1.4285016357482452, -4.5908109590837061,
      0.88934904076503618, -1.7427210522443535, -4.8277952226583647,
      0.72662242648066488, -2.0712453828666644, -5.0214178305921662,
      0.59367034365997629, -2.4114572185477745, -5.179612783023158,
      0.48504486525194351, -2.761218064680421, -5.3088623744923522,
      0.39629488624418424, -3.1187807128353828, -5.4144628164675215,
      0.32378373242177438, -3.4827176460646272, -5.5007412581909447,
      0.26454014174782636, -3.8518625440809826, -5.5712330986320335,
      0.21613651208640464, -4.2252624913942727, -5.6288268551894483,
      0.17658942627092014, -4.6021389300548439, -5.6758825253725362,
      0.144278378371473, -4.9818557569798791, -5.7143282915238069,
      0.11787937083824056, -5.3638932585987291, -5.7457395312151585,
      0.096310661556249441, -5.7478268147471265, -5.77140337089689,
      0.078688437709181713, -6.1333094991678339, -5.792371427989873,
      0.0642906001169503, -6.5200578636450306, -5.809502902613584,
      0.052527174051586495, -6.90784032325433, -5.8234997847033938,
      0.042916134066669262, -7.2964676667951993, -5.8349356191857833,
      0.035063652223504715, -7.6857853035553925, -5.8442790079111777,
      0.028647960353114489, -8.07566692870599, -5.8519128113741683,
      0.023406165084065726, -8.4660093477563478, -5.8581498370427205,
      0.019123475360540904, -8.8567282479926117, -5.8632456571511087,
      0.015624401030742897, -9.2477547436276311, -5.86740908118638,
      0.012765561853531983, -573.42131647845042, -222.77943442094298,
      138.73540456583405, 0.0, 0.0, 0.0, 0.0, 0.0, 0.0, -0.012574624969060099,
      -0.55661293795743227, 3.6594544284747972, -0.083280588758088192,
      -1.5317453922198303, 2.9898740927706067, -0.21284778581842489,
      -2.3284552075772269, 2.4428086933020339, -0.39050621611206138,
      -2.9793888598336755, 1.9958413387709906, -0.6074564958176768,
      -3.5112194102704675, 1.6306568174860621, -0.85650928831858975,
      -3.9457394775575536, 1.3322911018824624, -1.1317907094841042,
      -4.3007542256198947, 1.0885181732423952, -1.4285016357482452,
      -4.5908109590837061, 0.88934904076503618, -1.7427210522443535,
      -4.8277952226583647, 0.72662242648066488, -2.0712453828666644,
      -5.0214178305921662, 0.59367034365997629, -2.4114572185477745,
      -5.179612783023158, 0.48504486525194351, -2.761218064680421,
      -5.3088623744923522, 0.39629488624418424, -3.1187807128353828,
      -5.4144628164675215, 0.32378373242177438, -3.4827176460646272,
      -5.5007412581909447, 0.26454014174782636, -3.8518625440809826,
      -5.5712330986320335, 0.21613651208640464, -4.2252624913942727,
      -5.6288268551894483, 0.17658942627092014, -4.6021389300548439,
      -5.6758825253725362, 0.144278378371473, -4.9818557569798791,
      -5.7143282915238069, 0.11787937083824056, -5.3638932585987291,
      -5.7457395312151585, 0.096310661556249441, -5.7478268147471265,
      -5.77140337089689, 0.078688437709181713, -6.1333094991678339,
      -5.792371427989873, 0.0642906001169503, -6.5200578636450306,
      -5.809502902613584, 0.052527174051586495, -6.90784032325433,
      -5.8234997847033938, 0.042916134066669262, -7.2964676667951993,
      -5.8349356191857833, 0.035063652223504715, -7.6857853035553925,
      -5.8442790079111777, 0.028647960353114489, -8.07566692870599,
      -5.8519128113741683, 0.023406165084065726, -8.4660093477563478,
      -5.8581498370427205, 0.019123475360540904, -8.8567282479926117,
      -5.8632456571511087, 0.015624401030742897, -557.28222276162876,
      -219.22303364551794, 136.60580498224414, 0.0, 0.0, 0.0, 0.0, 0.0, 0.0, 0.0,
      0.0, 0.0, -0.012574624969060099, -0.55661293795743227, 3.6594544284747972,
      -0.083280588758088192, -1.5317453922198303, 2.9898740927706067,
      -0.21284778581842489, -2.3284552075772269, 2.4428086933020339,
      -0.39050621611206138, -2.9793888598336755, 1.9958413387709906,
      -0.6074564958176768, -3.5112194102704675, 1.6306568174860621,
      -0.85650928831858975, -3.9457394775575536, 1.3322911018824624,
      -1.1317907094841042, -4.3007542256198947, 1.0885181732423952,
      -1.4285016357482452, -4.5908109590837061, 0.88934904076503618,
      -1.7427210522443535, -4.8277952226583647, 0.72662242648066488,
      -2.0712453828666644, -5.0214178305921662, 0.59367034365997629,
      -2.4114572185477745, -5.179612783023158, 0.48504486525194351,
      -2.761218064680421, -5.3088623744923522, 0.39629488624418424,
      -3.1187807128353828, -5.4144628164675215, 0.32378373242177438,
      -3.4827176460646272, -5.5007412581909447, 0.26454014174782636,
      -3.8518625440809826, -5.5712330986320335, 0.21613651208640464,
      -4.2252624913942727, -5.6288268551894483, 0.17658942627092014,
      -4.6021389300548439, -5.6758825253725362, 0.144278378371473,
      -4.9818557569798791, -5.7143282915238069, 0.11787937083824056,
      -5.3638932585987291, -5.7457395312151585, 0.096310661556249441,
      -5.7478268147471265, -5.77140337089689, 0.078688437709181713,
      -6.1333094991678339, -5.792371427989873, 0.0642906001169503,
      -6.5200578636450306, -5.809502902613584, 0.052527174051586495,
      -6.90784032325433, -5.8234997847033938, 0.042916134066669262,
      -7.2964676667951993, -5.8349356191857833, 0.035063652223504715,
      -7.6857853035553925, -5.8442790079111777, 0.028647960353114489,
      -8.07566692870599, -5.8519128113741683, 0.023406165084065726,
      -8.4660093477563478, -5.8581498370427205, 0.019123475360540904,
      -541.14476055373029, -215.66282747561289, 134.47622208049697, 0.0, 0.0,
      0.0, 0.0, 0.0, 0.0, 0.0, 0.0, 0.0, 0.0, 0.0, 0.0, -0.012574624969060099,
      -0.55661293795743227, 3.6594544284747972, -0.083280588758088192,
      -1.5317453922198303, 2.9898740927706067, -0.21284778581842489,
      -2.3284552075772269, 2.4428086933020339, -0.39050621611206138,
      -2.9793888598336755, 1.9958413387709906, -0.6074564958176768,
      -3.5112194102704675, 1.6306568174860621, -0.85650928831858975,
      -3.9457394775575536, 1.3322911018824624, -1.1317907094841042,
      -4.3007542256198947, 1.0885181732423952, -1.4285016357482452,
      -4.5908109590837061, 0.88934904076503618, -1.7427210522443535,
      -4.8277952226583647, 0.72662242648066488, -2.0712453828666644,
      -5.0214178305921662, 0.59367034365997629, -2.4114572185477745,
      -5.179612783023158, 0.48504486525194351, -2.761218064680421,
      -5.3088623744923522, 0.39629488624418424, -3.1187807128353828,
      -5.4144628164675215, 0.32378373242177438, -3.4827176460646272,
      -5.5007412581909447, 0.26454014174782636, -3.8518625440809826,
      -5.5712330986320335, 0.21613651208640464, -4.2252624913942727,
      -5.6288268551894483, 0.17658942627092014, -4.6021389300548439,
      -5.6758825253725362, 0.144278378371473, -4.9818557569798791,
      -5.7143282915238069, 0.11787937083824056, -5.3638932585987291,
      -5.7457395312151585, 0.096310661556249441, -5.7478268147471265,
      -5.77140337089689, 0.078688437709181713, -6.1333094991678339,
      -5.792371427989873, 0.0642906001169503, -6.5200578636450306,
      -5.809502902613584, 0.052527174051586495, -6.90784032325433,
      -5.8234997847033938, 0.042916134066669262, -7.2964676667951993,
      -5.8349356191857833, 0.035063652223504715, -7.6857853035553925,
      -5.8442790079111777, 0.028647960353114489, -8.07566692870599,
      -5.8519128113741683, 0.023406165084065726, -525.0092952301045,
      -212.09796369563784, 132.34665959648027, 0.0, 0.0, 0.0, 0.0, 0.0, 0.0, 0.0,
      0.0, 0.0, 0.0, 0.0, 0.0, 0.0, 0.0, 0.0, -0.012574624969060099,
      -0.55661293795743227, 3.6594544284747972, -0.083280588758088192,
      -1.5317453922198303, 2.9898740927706067, -0.21284778581842489,
      -2.3284552075772269, 2.4428086933020339, -0.39050621611206138,
      -2.9793888598336755, 1.9958413387709906, -0.6074564958176768,
      -3.5112194102704675, 1.6306568174860621, -0.85650928831858975,
      -3.9457394775575536, 1.3322911018824624, -1.1317907094841042,
      -4.3007542256198947, 1.0885181732423952, -1.4285016357482452,
      -4.5908109590837061, 0.88934904076503618, -1.7427210522443535,
      -4.8277952226583647, 0.72662242648066488, -2.0712453828666644,
      -5.0214178305921662, 0.59367034365997629, -2.4114572185477745,
      -5.179612783023158, 0.48504486525194351, -2.761218064680421,
      -5.3088623744923522, 0.39629488624418424, -3.1187807128353828,
      -5.4144628164675215, 0.32378373242177438, -3.4827176460646272,
      -5.5007412581909447, 0.26454014174782636, -3.8518625440809826,
      -5.5712330986320335, 0.21613651208640464, -4.2252624913942727,
      -5.6288268551894483, 0.17658942627092014, -4.6021389300548439,
      -5.6758825253725362, 0.144278378371473, -4.9818557569798791,
      -5.7143282915238069, 0.11787937083824056, -5.3638932585987291,
      -5.7457395312151585, 0.096310661556249441, -5.7478268147471265,
      -5.77140337089689, 0.078688437709181713, -6.1333094991678339,
      -5.792371427989873, 0.0642906001169503, -6.5200578636450306,
      -5.809502902613584, 0.052527174051586495, -6.90784032325433,
      -5.8234997847033938, 0.042916134066669262, -7.2964676667951993,
      -5.8349356191857833, 0.035063652223504715, -7.6857853035553925,
      -5.8442790079111777, 0.028647960353114489, -508.8762739916703,
      -208.5273992368825, 130.21712210273137, 0.0, 0.0, 0.0, 0.0, 0.0, 0.0, 0.0,
      0.0, 0.0, 0.0, 0.0, 0.0, 0.0, 0.0, 0.0, 0.0, 0.0, 0.0,
      -0.012574624969060099, -0.55661293795743227, 3.6594544284747972,
      -0.083280588758088192, -1.5317453922198303, 2.9898740927706067,
      -0.21284778581842489, -2.3284552075772269, 2.4428086933020339,
      -0.39050621611206138, -2.9793888598336755, 1.9958413387709906,
      -0.6074564958176768, -3.5112194102704675, 1.6306568174860621,
      -0.85650928831858975, -3.9457394775575536, 1.3322911018824624,
      -1.1317907094841042, -4.3007542256198947, 1.0885181732423952,
      -1.4285016357482452, -4.5908109590837061, 0.88934904076503618,
      -1.7427210522443535, -4.8277952226583647, 0.72662242648066488,
      -2.0712453828666644, -5.0214178305921662, 0.59367034365997629,
      -2.4114572185477745, -5.179612783023158, 0.48504486525194351,
      -2.761218064680421, -5.3088623744923522, 0.39629488624418424,
      -3.1187807128353828, -5.4144628164675215, 0.32378373242177438,
      -3.4827176460646272, -5.5007412581909447, 0.26454014174782636,
      -3.8518625440809826, -5.5712330986320335, 0.21613651208640464,
      -4.2252624913942727, -5.6288268551894483, 0.17658942627092014,
      -4.6021389300548439, -5.6758825253725362, 0.144278378371473,
      -4.9818557569798791, -5.7143282915238069, 0.11787937083824056,
      -5.3638932585987291, -5.7457395312151585, 0.096310661556249441,
      -5.7478268147471265, -5.77140337089689, 0.078688437709181713,
      -6.1333094991678339, -5.792371427989873, 0.0642906001169503,
      -6.5200578636450306, -5.809502902613584, 0.052527174051586495,
      -6.90784032325433, -5.8234997847033938, 0.042916134066669262,
      -7.2964676667951993, -5.8349356191857833, 0.035063652223504715,
      -492.74624418969825, -204.9498574360851, 128.08761519580426, 0.0, 0.0, 0.0,
      0.0, 0.0, 0.0, 0.0, 0.0, 0.0, 0.0, 0.0, 0.0, 0.0, 0.0, 0.0, 0.0, 0.0, 0.0,
      0.0, 0.0, 0.0, -0.012574624969060099, -0.55661293795743227,
      3.6594544284747972, -0.083280588758088192, -1.5317453922198303,
      2.9898740927706067, -0.21284778581842489, -2.3284552075772269,
      2.4428086933020339, -0.39050621611206138, -2.9793888598336755,
      1.9958413387709906, -0.6074564958176768, -3.5112194102704675,
      1.6306568174860621, -0.85650928831858975, -3.9457394775575536,
      1.3322911018824624, -1.1317907094841042, -4.3007542256198947,
      1.0885181732423952, -1.4285016357482452, -4.5908109590837061,
      0.88934904076503618, -1.7427210522443535, -4.8277952226583647,
      0.72662242648066488, -2.0712453828666644, -5.0214178305921662,
      0.59367034365997629, -2.4114572185477745, -5.179612783023158,
      0.48504486525194351, -2.761218064680421, -5.3088623744923522,
      0.39629488624418424, -3.1187807128353828, -5.4144628164675215,
      0.32378373242177438, -3.4827176460646272, -5.5007412581909447,
      0.26454014174782636, -3.8518625440809826, -5.5712330986320335,
      0.21613651208640464, -4.2252624913942727, -5.6288268551894483,
      0.17658942627092014, -4.6021389300548439, -5.6758825253725362,
      0.144278378371473, -4.9818557569798791, -5.7143282915238069,
      0.11787937083824056, -5.3638932585987291, -5.7457395312151585,
      0.096310661556249441, -5.7478268147471265, -5.77140337089689,
      0.078688437709181713, -6.1333094991678339, -5.792371427989873,
      0.0642906001169503, -6.5200578636450306, -5.809502902613584,
      0.052527174051586495, -6.90784032325433, -5.8234997847033938,
      0.042916134066669262, -476.6198757544156, -201.36377572208656,
      125.95814572559756, 0.0, 0.0, 0.0, 0.0, 0.0, 0.0, 0.0, 0.0, 0.0, 0.0, 0.0,
      0.0, 0.0, 0.0, 0.0, 0.0, 0.0, 0.0, 0.0, 0.0, 0.0, 0.0, 0.0, 0.0,
      -0.012574624969060099, -0.55661293795743227, 3.6594544284747972,
      -0.083280588758088192, -1.5317453922198303, 2.9898740927706067,
      -0.21284778581842489, -2.3284552075772269, 2.4428086933020339,
      -0.39050621611206138, -2.9793888598336755, 1.9958413387709906,
      -0.6074564958176768, -3.5112194102704675, 1.6306568174860621,
      -0.85650928831858975, -3.9457394775575536, 1.3322911018824624,
      -1.1317907094841042, -4.3007542256198947, 1.0885181732423952,
      -1.4285016357482452, -4.5908109590837061, 0.88934904076503618,
      -1.7427210522443535, -4.8277952226583647, 0.72662242648066488,
      -2.0712453828666644, -5.0214178305921662, 0.59367034365997629,
      -2.4114572185477745, -5.179612783023158, 0.48504486525194351,
      -2.761218064680421, -5.3088623744923522, 0.39629488624418424,
      -3.1187807128353828, -5.4144628164675215, 0.32378373242177438,
      -3.4827176460646272, -5.5007412581909447, 0.26454014174782636,
      -3.8518625440809826, -5.5712330986320335, 0.21613651208640464,
      -4.2252624913942727, -5.6288268551894483, 0.17658942627092014,
      -4.6021389300548439, -5.6758825253725362, 0.144278378371473,
      -4.9818557569798791, -5.7143282915238069, 0.11787937083824056,
      -5.3638932585987291, -5.7457395312151585, 0.096310661556249441,
      -5.7478268147471265, -5.77140337089689, 0.078688437709181713,
      -6.1333094991678339, -5.792371427989873, 0.0642906001169503,
      -6.5200578636450306, -5.809502902613584, 0.052527174051586495,
      -460.49798864648324, -197.76724158694472, 123.82872207604019, 0.0, 0.0,
      0.0, 0.0, 0.0, 0.0, 0.0, 0.0, 0.0, 0.0, 0.0, 0.0, 0.0, 0.0, 0.0, 0.0, 0.0,
      0.0, 0.0, 0.0, 0.0, 0.0, 0.0, 0.0, 0.0, 0.0, 0.0, -0.012574624969060099,
      -0.55661293795743227, 3.6594544284747972, -0.083280588758088192,
      -1.5317453922198303, 2.9898740927706067, -0.21284778581842489,
      -2.3284552075772269, 2.4428086933020339, -0.39050621611206138,
      -2.9793888598336755, 1.9958413387709906, -0.6074564958176768,
      -3.5112194102704675, 1.6306568174860621, -0.85650928831858975,
      -3.9457394775575536, 1.3322911018824624, -1.1317907094841042,
      -4.3007542256198947, 1.0885181732423952, -1.4285016357482452,
      -4.5908109590837061, 0.88934904076503618, -1.7427210522443535,
      -4.8277952226583647, 0.72662242648066488, -2.0712453828666644,
      -5.0214178305921662, 0.59367034365997629, -2.4114572185477745,
      -5.179612783023158, 0.48504486525194351, -2.761218064680421,
      -5.3088623744923522, 0.39629488624418424, -3.1187807128353828,
      -5.4144628164675215, 0.32378373242177438, -3.4827176460646272,
      -5.5007412581909447, 0.26454014174782636, -3.8518625440809826,
      -5.5712330986320335, 0.21613651208640464, -4.2252624913942727,
      -5.6288268551894483, 0.17658942627092014, -4.6021389300548439,
      -5.6758825253725362, 0.144278378371473, -4.9818557569798791,
      -5.7143282915238069, 0.11787937083824056, -5.3638932585987291,
      -5.7457395312151585, 0.096310661556249441, -5.7478268147471265,
      -5.77140337089689, 0.078688437709181713, -6.1333094991678339,
      -5.792371427989873, 0.0642906001169503, -444.3815864562124,
      -194.15791421782245, 121.6993545086364, 0.0, 0.0, 0.0, 0.0, 0.0, 0.0, 0.0,
      0.0, 0.0, 0.0, 0.0, 0.0, 0.0, 0.0, 0.0, 0.0, 0.0, 0.0, 0.0, 0.0, 0.0, 0.0,
      0.0, 0.0, 0.0, 0.0, 0.0, 0.0, 0.0, 0.0, -0.012574624969060099,
      -0.55661293795743227, 3.6594544284747972, -0.083280588758088192,
      -1.5317453922198303, 2.9898740927706067, -0.21284778581842489,
